957.34 24393904
1279.94 24391120
1082.04 24390736
922.31 24394320
910.38 24398176
945.02 24391120
1099.50 24393168
1095.15 24398288
1116.59 24395856
1421.77 24397632
880.04 24398800
945.17 24395328
1090.81 24395600
1413.59 24397648
1081.23 24398304
1473.83 24394320
1473.46 24396992
1053.56 24397616
1480.42 24390736
1475.28 24395088
1485.71 24396752
232.84 24392512
1488.27 24397776
1476.22 24394320
1467.92 24397392
1504.99 24393168
1498.00 24398400
1476.90 24390736
1497.93 24392656
1482.77 24397248
1496.75 24398304
1485.18 24393552
225.59 24392656
1493.63 24391120
1487.43 24391120
828.79 24394960
1087.38 24398160
1506.89 24393936
1018.85 24394816
1504.33 24396992
1484.71 24393680
1500.32 24398016
1488.37 24395856
886.12 24394320
1506.30 24391872
704.41 24395216
1514.77 24396368
1488.34 24391120
1512.39 24393808
1490.61 24392144
714.13 24391888
676.31 24396736
121.15 24391120
120.74 24399760
1051.34 24398560
123.11 24394192
142.06 24396496
139.65 24396112
123.81 24396496
116.53 24398416
1021.76 24393024
1294.58 24395696
795.27 24398416
1071.29 24398032
