357.87 97686208
392.78 97686848
426.05 97684544
394.00 97680192
474.78 97680208
356.05 97680704
364.00 97686336
364.72 97680320
412.05 97680832
397.76 97683264
403.45 97685952
404.27 97684160
483.31 97681856
359.86 97686976
371.83 97682112
352.74 97685440
392.85 97681344
399.16 97686720
406.62 97682480
496.96 97682368
362.85 97686464
407.02 97679424
356.94 97679040
376.47 97680320
386.91 97681344
402.81 97684544
404.80 97683520
362.36 97691968
371.56 97684144
358.97 97680944
478.00 97684656
392.70 97684800
402.73 97683008
393.99 97691040
405.61 97680320
368.24 97681728
361.54 97680688
377.85 97683376
450.11 97681344
433.61 97682944
491.85 97681984
402.22 97679680
360.58 97689184
374.91 97692096
358.15 97692096
373.40 97691040
390.71 97685408
385.09 97683136
401.65 97679040
528.26 97683248
380.86 97681216
356.70 97684528
362.91 97686080
392.44 97680832
370.89 97686960
388.95 97686976
398.39 97680960
364.32 97682368
362.94 97679408
360.21 97680064
362.14 97682240
458.50 97679536
365.15 97692080
358.66 97682752
