311.47 32577088
310.81 32581952
307.61 32577216
307.99 32587968
308.66 32581808
304.78 32581824
309.64 32584640
309.26 32578880
307.78 32582592
307.55 32578496
308.90 32588096
302.89 32581968
306.76 32578368
308.51 32584000
306.98 32577856
305.11 32576704
304.68 32583488
304.43 32583216
289.54 32583872
265.81 32582464
168.22 32582848
295.77 32578816
262.11 32581808
292.58 32581824
263.80 32576832
291.60 32580032
268.85 32583088
290.96 32587200
272.81 32583104
290.73 32582192
267.87 32584512
236.63 32583104
213.67 32583872
168.36 32576704
177.85 32580912
238.58 32580800
237.82 32583616
266.21 32581568
265.01 32582192
268.64 32582592
264.73 32582816
264.12 32578368
306.79 32583616
265.22 32583488
271.35 32580928
271.45 32587200
269.79 32587456
270.30 32587952
264.86 32582192
162.57 32578368
224.07 32582976
231.61 32576832
259.68 32587968
309.20 32580800
228.68 32587712
232.24 32577968
165.16 32578496
162.99 32580672
163.80 32582336
308.84 32578880
300.95 32582208
303.18 32584496
307.05 32587712
