82862.88 180560
84842.81 186320
80174.47 181968
83663.12 184912
83456.12 181984
83379.69 179920
86371.95 187600
85365.91 181200
82166.15 185296
81919.39 184528
84383.46 185040
81377.55 185152
84411.49 186064
84402.50 185680
81712.61 181984
80476.36 186192
83640.67 183504
83246.30 181072
83201.66 187216
82679.15 180432
83547.97 187728
85325.86 183760
82539.75 180176
85156.48 183376
80449.34 180688
79367.27 181840
84440.82 181712
82282.27 181712
83349.99 187856
82596.26 179920
81306.78 181216
82576.49 185424
81999.57 180432
81375.94 181968
82420.37 182480
84686.40 179920
85446.13 185040
83457.65 183760
80914.72 185056
83130.90 184656
84862.45 181072
83869.16 180064
84799.73 182224
82849.28 180688
83261.40 180432
81362.06 182496
84668.45 180704
84914.79 183104
84741.48 185056
84950.58 185168
84551.27 183888
84096.80 185296
84497.79 187472
85303.30 183392
82198.44 186448
85245.88 185552
86346.85 182096
82552.42 183504
86597.94 187728
86165.88 184128
84869.94 181200
85107.62 180576
85267.44 182480
84239.94 186064
